3,2
35,13
35,12
35,5
35,3
35,1
34,4
34,3
34,1
33,91
33,89
33,88
33,87
33,86
33,85
33,84
33,83
33,82
33,81
33,80
33,79
33,78
33,77
33,65
33,64
33,23
10,20
10,103
10,101
10,91
10,251
33,22
33,7
10,177
33,4
33,3
33,1
14,5
11,30
11,29
11,28
11,27
11,25
11,24
11,23
11,22
11,16
11,15
11,14
11,13
11,10
11,9
11,5
10,314
10,313
10,312
10,311
10,310
10,309
10,308
10,307
10,306
10,305
10,304
10,303
10,302
10,301
10,300
10,299
10,298
10,296
10,295
10,294
10,293
10,292
10,291
10,290
10,297
10,289
10,288
10,287
10,286
10,249
11,26
11,4
11,7
11,20
11,21
11,19
11,1
10,285
10,284
10,190
10,166
11,12
11,2
11,3
10,145
10,139
10,104
9,7
9,6
9,4
8,6
8,8
8,14
12,2
12,1
12,3
20,2
20,1
20,3
10,83
10,1
19,2
19,1
19,3
